0.0000	0.0003	-200000.0000
0.1562	0.0001	-199400.0000
0.3125	0.0000	-198800.0000
0.4687	0.0001	-198200.0000
0.6250	0.0002	-197600.0000
0.7812	0.0000	-197000.0000
0.9375	0.0001	-196400.0000
1.0937	-0.0000	-195800.0000
1.2500	0.0000	-195200.0000
1.4062	-0.0001	-194600.0000
1.5625	-0.0001	-194000.0000
1.7187	-0.0001	-193400.0000
1.8750	-0.0001	-192800.0000
2.0312	-0.0002	-192200.0000
2.1875	-0.0000	-191600.0000
2.3437	-0.0001	-191000.0000
2.5000	-0.0000	-190400.0000
2.6562	0.0001	-189800.0000
2.8125	0.0003	-189200.0000
2.9687	0.0002	-188600.0000
3.1250	0.0004	-188000.0000
3.2812	0.0004	-187400.0000
3.4375	0.0004	-186800.0000
3.5937	0.0003	-186200.0000
3.7500	0.0007	-185600.0000
3.9062	0.0005	-185000.0000
4.0625	0.0005	-184400.0000
4.2187	0.0006	-183800.0000
4.3750	0.0005	-183200.0000
4.5312	0.0006	-182600.0000
4.6875	0.0007	-182000.0000
4.8437	0.0007	-181400.0000
5.0000	0.0008	-180800.0000
5.1562	0.0007	-180200.0000
5.3125	0.0008	-179600.0000
5.4687	0.0009	-179000.0000
5.6250	0.0009	-178400.0000
5.7812	0.0011	-177800.0000
5.9375	0.0011	-177200.0000
6.0937	0.0013	-176600.0000
6.2500	0.0015	-176000.0000
6.4062	0.0015	-175400.0000
6.5625	0.0014	-174800.0000
6.7187	0.0013	-174200.0000
6.8750	0.0012	-173600.0000
7.0312	0.0012	-173000.0000
7.1875	0.0010	-172400.0000
7.3437	0.0007	-171800.0000
7.5000	0.0007	-171200.0000
7.6562	0.0005	-170600.0000
7.8125	0.0002	-170000.0000
7.9687	0.0001	-169400.0000
8.1250	0.0000	-168800.0000
8.2812	-0.0002	-168200.0000
8.4375	-0.0000	-167600.0000
8.5937	-0.0001	-167000.0000
8.7500	0.0002	-166400.0000
8.9062	0.0003	-165800.0000
9.0625	0.0006	-165200.0000
9.2187	0.0003	-164600.0000
9.3750	0.0005	-164000.0000
9.5312	0.0007	-163400.0000
9.6875	0.0008	-162800.0000
9.8437	0.0010	-162200.0000
10.0000	0.0016	-161600.0000
10.1562	0.0019	-161000.0000
10.3125	0.0022	-160400.0000
10.4687	0.0026	-159800.0000
10.6250	0.0028	-159200.0000
10.7812	0.0031	-158600.0000
10.9375	0.0033	-158000.0000
11.0937	0.0034	-157400.0000
11.2500	0.0034	-156800.0000
11.4062	0.0036	-156200.0000
11.5625	0.0038	-155600.0000
11.7187	0.0037	-155000.0000
11.8750	0.0038	-154400.0000
12.0312	0.0040	-153800.0000
12.1875	0.0039	-153200.0000
12.3437	0.0041	-152600.0000
12.5000	0.0044	-152000.0000
12.6562	0.0045	-151400.0000
12.8125	0.0044	-150800.0000
12.9687	0.0046	-150200.0000
13.1250	0.0047	-149600.0000
13.2812	0.0045	-149000.0000
13.4375	0.0043	-148400.0000
13.5937	0.0042	-147800.0000
13.7500	0.0037	-147200.0000
13.9062	0.0035	-146600.0000
14.0625	0.0034	-146000.0000
14.2187	0.0040	-145400.0000
14.3750	0.0054	-144800.0000
14.5312	0.0078	-144200.0000
14.6875	0.0107	-143600.0000
14.8437	0.0131	-143000.0000
15.0000	0.0146	-142400.0000
15.1562	0.0144	-141800.0000
15.3125	0.0129	-141200.0000
15.4687	0.0100	-140600.0000
15.6250	0.0070	-140000.0000
15.7812	0.0040	-139400.0000
15.9375	0.0017	-138800.0000
16.0937	-0.0004	-138200.0000
16.2500	-0.0022	-137600.0000
16.4062	-0.0038	-137000.0000
16.5625	-0.0051	-136400.0000
16.7187	-0.0057	-135800.0000
16.8750	-0.0053	-135200.0000
17.0312	-0.0039	-134600.0000
17.1875	-0.0020	-134000.0000
17.3437	-0.0000	-133400.0000
17.5000	0.0013	-132800.0000
17.6562	0.0023	-132200.0000
17.8125	0.0028	-131600.0000
17.9687	0.0036	-131000.0000
18.1250	0.0053	-130400.0000
18.2812	0.0082	-129800.0000
18.4375	0.0123	-129200.0000
18.5937	0.0189	-128600.0000
18.7500	0.0277	-128000.0000
18.9062	0.0399	-127400.0000
19.0625	0.0553	-126800.0000
19.2187	0.0728	-126200.0000
19.3750	0.0914	-125600.0000
19.5312	0.1091	-125000.0000
19.6875	0.1245	-124400.0000
19.8437	0.1379	-123800.0000
20.0000	0.1482	-123200.0000
20.1562	0.1550	-122600.0000
20.3125	0.1547	-122000.0000
20.4687	0.1427	-121400.0000
20.6250	0.1107	-120800.0000
20.7812	0.0551	-120200.0000
20.9375	-0.0258	-119600.0000
21.0937	-0.1282	-119000.0000
21.2500	-0.2525	-118400.0000
21.4062	-0.4093	-117800.0000
21.5625	-0.6052	-117200.0000
21.7187	-0.8628	-116600.0000
21.8750	-1.1885	-116000.0000
22.0312	-1.5458	-115400.0000
22.1875	-1.8380	-114800.0000
22.3437	-1.8912	-114200.0000
22.5000	-1.4876	-113600.0000
22.6562	-0.5464	-113000.0000
22.8125	0.7563	-112400.0000
22.9687	2.0126	-111800.0000
23.1250	2.7958	-111200.0000
23.2812	2.8694	-110600.0000
23.4375	2.3340	-110000.0000
23.5937	1.4733	-109400.0000
23.7500	0.6268	-108800.0000
23.9062	0.0280	-108200.0000
24.0625	-0.2690	-107600.0000
24.2187	-0.3453	-107000.0000
24.3750	-0.3277	-106400.0000
24.5312	-0.3072	-105800.0000
24.6875	-0.3063	-105200.0000
24.8437	-0.3069	-104600.0000
25.0000	-0.2935	-104000.0000
25.1562	-0.2683	-103400.0000
25.3125	-0.2394	-102800.0000
25.4687	-0.2095	-102200.0000
25.6250	-0.1692	-101600.0000
25.7812	-0.1097	-101000.0000
25.9375	-0.0384	-100400.0000
26.0937	0.0212	-99800.0000
26.2500	0.0503	-99200.0000
26.4062	0.0493	-98600.0000
26.5625	0.0342	-98000.0000
26.7187	0.0195	-97400.0000
26.8750	0.0108	-96800.0000
27.0312	0.0100	-96200.0000
27.1875	0.0169	-95600.0000
27.3437	0.0258	-95000.0000
27.5000	0.0264	-94400.0000
27.6562	0.0101	-93800.0000
27.8125	-0.0250	-93200.0000
27.9687	-0.0709	-92600.0000
28.1250	-0.1127	-92000.0000
28.2812	-0.1419	-91400.0000
28.4375	-0.1540	-90800.0000
28.5937	-0.1506	-90200.0000
28.7500	-0.1342	-89600.0000
28.9062	-0.1087	-89000.0000
29.0625	-0.0788	-88400.0000
29.2187	-0.0526	-87800.0000
29.3750	-0.0342	-87200.0000
29.5312	-0.0262	-86600.0000
29.6875	-0.0279	-86000.0000
29.8437	-0.0357	-85400.0000
30.0000	-0.0449	-84800.0000
30.1562	-0.0496	-84200.0000
30.3125	-0.0445	-83600.0000
30.4687	-0.0256	-83000.0000
30.6250	0.0131	-82400.0000
30.7812	0.0675	-81800.0000
30.9375	0.1188	-81200.0000
31.0937	0.1375	-80600.0000
31.2500	0.1103	-80000.0000
31.4062	0.0464	-79400.0000
31.5625	-0.0200	-78800.0000
31.7187	-0.0713	-78200.0000
31.8750	-0.1019	-77600.0000
32.0312	-0.1101	-77000.0000
32.1875	-0.0938	-76400.0000
32.3437	-0.0557	-75800.0000
32.5000	-0.0073	-75200.0000
32.6562	0.0345	-74600.0000
32.8125	0.0582	-74000.0000
32.9687	0.0642	-73400.0000
33.1250	0.0573	-72800.0000
33.2812	0.0405	-72200.0000
33.4375	0.0169	-71600.0000
33.5937	-0.0081	-71000.0000
33.7500	-0.0259	-70400.0000
33.9062	-0.0297	-69800.0000
34.0625	-0.0171	-69200.0000
34.2187	0.0085	-68600.0000
34.3750	0.0379	-68000.0000
34.5312	0.0577	-67400.0000
34.6875	0.0593	-66800.0000
34.8437	0.0443	-66200.0000
35.0000	0.0224	-65600.0000
35.1562	0.0045	-65000.0000
35.3125	-0.0068	-64400.0000
35.4687	-0.0144	-63800.0000
35.6250	-0.0202	-63200.0000
35.7812	-0.0235	-62600.0000
35.9375	-0.0205	-62000.0000
36.0937	-0.0096	-61400.0000
36.2500	0.0062	-60800.0000
36.4062	0.0211	-60200.0000
36.5625	0.0314	-59600.0000
36.7187	0.0391	-59000.0000
36.8750	0.0455	-58400.0000
37.0312	0.0474	-57800.0000
37.1875	0.0390	-57200.0000
37.3437	0.0209	-56600.0000
37.5000	0.0006	-56000.0000
37.6562	-0.0101	-55400.0000
37.8125	-0.0041	-54800.0000
37.9687	0.0159	-54200.0000
38.1250	0.0371	-53600.0000
38.2812	0.0473	-53000.0000
38.4375	0.0462	-52400.0000
38.5937	0.0405	-51800.0000
38.7500	0.0329	-51200.0000
38.9062	0.0213	-50600.0000
39.0625	0.0059	-50000.0000
39.2187	-0.0069	-49400.0000
39.3750	-0.0068	-48800.0000
39.5312	0.0101	-48200.0000
39.6875	0.0375	-47600.0000
39.8437	0.0626	-47000.0000
40.0000	0.0754	-46400.0000
40.1562	0.0763	-45800.0000
40.3125	0.0746	-45200.0000
40.4687	0.0776	-44600.0000
40.6250	0.0831	-44000.0000
40.7812	0.0833	-43400.0000
40.9375	0.0741	-42800.0000
41.0937	0.0611	-42200.0000
41.2500	0.0540	-41600.0000
41.4062	0.0579	-41000.0000
41.5625	0.0704	-40400.0000
41.7187	0.0832	-39800.0000
41.8750	0.0906	-39200.0000
42.0312	0.0927	-38600.0000
42.1875	0.0905	-38000.0000
42.3437	0.0811	-37400.0000
42.5000	0.0594	-36800.0000
42.6562	0.0270	-36200.0000
42.8125	-0.0075	-35600.0000
42.9687	-0.0325	-35000.0000
43.1250	-0.0406	-34400.0000
43.2812	-0.0323	-33800.0000
43.4375	-0.0165	-33200.0000
43.5937	-0.0035	-32600.0000
43.7500	-0.0001	-32000.0000
43.9062	-0.0069	-31400.0000
44.0625	-0.0208	-30800.0000
44.2187	-0.0385	-30200.0000
44.3750	-0.0557	-29600.0000
44.5312	-0.0686	-29000.0000
44.6875	-0.0735	-28400.0000
44.8437	-0.0684	-27800.0000
45.0000	-0.0562	-27200.0000
45.1562	-0.0441	-26600.0000
45.3125	-0.0392	-26000.0000
45.4687	-0.0423	-25400.0000
45.6250	-0.0510	-24800.0000
45.7812	-0.0611	-24200.0000
45.9375	-0.0721	-23600.0000
46.0937	-0.0847	-23000.0000
46.2500	-0.0979	-22400.0000
46.4062	-0.1101	-21800.0000
46.5625	-0.1201	-21200.0000
46.7187	-0.1254	-20600.0000
46.8750	-0.1236	-20000.0000
47.0312	-0.1156	-19400.0000
47.1875	-0.1037	-18800.0000
47.3437	-0.0908	-18200.0000
47.5000	-0.0828	-17600.0000
47.6562	-0.0835	-17000.0000
47.8125	-0.0923	-16400.0000
47.9687	-0.1053	-15800.0000
48.1250	-0.1169	-15200.0000
48.2812	-0.1210	-14600.0000
48.4375	-0.1127	-14000.0000
48.5937	-0.0914	-13400.0000
48.7500	-0.0613	-12800.0000
48.9062	-0.0317	-12200.0000
49.0625	-0.0106	-11600.0000
49.2187	-0.0007	-11000.0000
49.3750	-0.0007	-10400.0000
49.5312	-0.0043	-9800.0000
49.6875	-0.0047	-9200.0000
49.8437	0.0021	-8600.0000
50.0000	0.0153	-8000.0000
50.1562	0.0322	-7400.0000
50.3125	0.0503	-6800.0000
50.4687	0.0694	-6200.0000
50.6250	0.0872	-5600.0000
50.7812	0.1009	-5000.0000
50.9375	0.1069	-4400.0000
51.0937	0.1063	-3800.0000
51.2500	0.1023	-3200.0000
51.4062	0.0996	-2600.0000
51.5625	0.0984	-2000.0000
51.7187	0.0958	-1400.0000
51.8750	0.0882	-800.0000
52.0312	0.0765	-200.0000
52.1875	0.0659	400.0000
52.3437	0.0604	1000.0000
52.5000	0.0603	1600.0000
52.6562	0.0609	2200.0000
52.8125	0.0559	2800.0000
52.9687	0.0427	3400.0000
53.1250	0.0232	4000.0000
53.2812	0.0033	4600.0000
53.4375	-0.0117	5200.0000
53.5937	-0.0188	5800.0000
53.7500	-0.0162	6400.0000
53.9062	-0.0042	7000.0000
54.0625	0.0148	7600.0000
54.2187	0.0345	8200.0000
54.3750	0.0468	8800.0000
54.5312	0.0450	9400.0000
54.6875	0.0287	10000.0000
54.8437	0.0027	10600.0000
55.0000	-0.0254	11200.0000
55.1562	-0.0505	11800.0000
55.3125	-0.0688	12400.0000
55.4687	-0.0779	13000.0000
55.6250	-0.0752	13600.0000
55.7812	-0.0589	14200.0000
55.9375	-0.0293	14800.0000
56.0937	0.0097	15400.0000
56.2500	0.0508	16000.0000
56.4062	0.0820	16600.0000
56.5625	0.0957	17200.0000
56.7187	0.0900	17800.0000
56.8750	0.0670	18400.0000
57.0312	0.0338	19000.0000
57.1875	-0.0038	19600.0000
57.3437	-0.0394	20200.0000
57.5000	-0.0662	20800.0000
57.6562	-0.0782	21400.0000
57.8125	-0.0749	22000.0000
57.9687	-0.0608	22600.0000
58.1250	-0.0463	23200.0000
58.2812	-0.0377	23800.0000
58.4375	-0.0367	24400.0000
58.5937	-0.0398	25000.0000
58.7500	-0.0431	25600.0000
58.9062	-0.0445	26200.0000
59.0625	-0.0423	26800.0000
59.2187	-0.0359	27400.0000
59.3750	-0.0258	28000.0000
59.5312	-0.0134	28600.0000
59.6875	-0.0015	29200.0000
59.8437	0.0053	29800.0000
60.0000	0.0043	30400.0000
60.1562	-0.0035	31000.0000
60.3125	-0.0132	31600.0000
60.4687	-0.0189	32200.0000
60.6250	-0.0183	32800.0000
60.7812	-0.0134	33400.0000
60.9375	-0.0071	34000.0000
61.0937	-0.0012	34600.0000
61.2500	0.0044	35200.0000
61.4062	0.0104	35800.0000
61.5625	0.0176	36400.0000
61.7187	0.0251	37000.0000
61.8750	0.0307	37600.0000
62.0312	0.0318	38200.0000
62.1875	0.0270	38800.0000
62.3437	0.0177	39400.0000
62.5000	0.0065	40000.0000
62.6562	-0.0037	40600.0000
62.8125	-0.0126	41200.0000
62.9687	-0.0199	41800.0000
63.1250	-0.0268	42400.0000
63.2812	-0.0330	43000.0000
63.4375	-0.0385	43600.0000
63.5937	-0.0450	44200.0000
63.7500	-0.0549	44800.0000
63.9062	-0.0692	45400.0000
64.0625	-0.0849	46000.0000
64.2187	-0.0968	46600.0000
64.3750	-0.1011	47200.0000
64.5312	-0.0961	47800.0000
64.6875	-0.0845	48400.0000
64.8437	-0.0702	49000.0000
65.0000	-0.0551	49600.0000
65.1562	-0.0402	50200.0000
65.3125	-0.0237	50800.0000
65.4687	-0.0060	51400.0000
65.6250	0.0131	52000.0000
65.7812	0.0337	52600.0000
65.9375	0.0573	53200.0000
66.0937	0.0843	53800.0000
66.2500	0.1104	54400.0000
66.4062	0.1305	55000.0000
66.5625	0.1409	55600.0000
66.7187	0.1435	56200.0000
66.8750	0.1417	56800.0000
67.0312	0.1368	57400.0000
67.1875	0.1277	58000.0000
67.3437	0.1119	58600.0000
67.5000	0.0907	59200.0000
67.6562	0.0674	59800.0000
67.8125	0.0462	60400.0000
67.9687	0.0289	61000.0000
68.1250	0.0147	61600.0000
68.2812	0.0039	62200.0000
68.4375	-0.0031	62800.0000
68.5937	-0.0038	63400.0000
68.7500	0.0015	64000.0000
68.9062	0.0086	64600.0000
69.0625	0.0130	65200.0000
69.2187	0.0127	65800.0000
69.3750	0.0101	66400.0000
69.5312	0.0108	67000.0000
69.6875	0.0189	67600.0000
69.8437	0.0337	68200.0000
70.0000	0.0511	68800.0000
70.1562	0.0663	69400.0000
70.3125	0.0758	70000.0000
70.4687	0.0793	70600.0000
70.6250	0.0772	71200.0000
70.7812	0.0696	71800.0000
70.9375	0.0581	72400.0000
71.0937	0.0451	73000.0000
71.2500	0.0330	73600.0000
71.4062	0.0241	74200.0000
71.5625	0.0189	74800.0000
71.7187	0.0170	75400.0000
71.8750	0.0174	76000.0000
72.0312	0.0180	76600.0000
72.1875	0.0182	77200.0000
72.3437	0.0180	77800.0000
72.5000	0.0170	78400.0000
72.6562	0.0121	79000.0000
72.8125	0.0012	79600.0000
72.9687	-0.0167	80200.0000
73.1250	-0.0391	80800.0000
73.2812	-0.0601	81400.0000
73.4375	-0.0760	82000.0000
73.5937	-0.0842	82600.0000
73.7500	-0.0860	83200.0000
73.9062	-0.0840	83800.0000
74.0625	-0.0810	84400.0000
74.2187	-0.0790	85000.0000
74.3750	-0.0800	85600.0000
74.5312	-0.0857	86200.0000
74.6875	-0.0948	86800.0000
74.8437	-0.1035	87400.0000
75.0000	-0.1076	88000.0000
75.1562	-0.1050	88600.0000
75.3125	-0.0979	89200.0000
75.4687	-0.0907	89800.0000
75.6250	-0.0868	90400.0000
75.7812	-0.0873	91000.0000
75.9375	-0.0898	91600.0000
76.0937	-0.0925	92200.0000
76.2500	-0.0948	92800.0000
76.4062	-0.0970	93400.0000
76.5625	-0.0997	94000.0000
76.7187	-0.1015	94600.0000
76.8750	-0.1019	95200.0000
77.0312	-0.1015	95800.0000
77.1875	-0.1007	96400.0000
77.3437	-0.0983	97000.0000
77.5000	-0.0925	97600.0000
77.6562	-0.0824	98200.0000
77.8125	-0.0682	98800.0000
77.9687	-0.0535	99400.0000
78.1250	-0.0425	100000.0000
78.2812	-0.0393	100600.0000
78.4375	-0.0421	101200.0000
78.5937	-0.0470	101800.0000
78.7500	-0.0490	102400.0000
78.9062	-0.0446	103000.0000
79.0625	-0.0344	103600.0000
79.2187	-0.0213	104200.0000
79.3750	-0.0088	104800.0000
79.5312	0.0026	105400.0000
79.6875	0.0122	106000.0000
79.8437	0.0208	106600.0000
80.0000	0.0275	107200.0000
80.1562	0.0315	107800.0000
80.3125	0.0353	108400.0000
80.4687	0.0408	109000.0000
80.6250	0.0507	109600.0000
80.7812	0.0643	110200.0000
80.9375	0.0781	110800.0000
81.0937	0.0880	111400.0000
81.2500	0.0927	112000.0000
81.4062	0.0926	112600.0000
81.5625	0.0892	113200.0000
81.7187	0.0851	113800.0000
81.8750	0.0818	114400.0000
82.0312	0.0800	115000.0000
82.1875	0.0817	115600.0000
82.3437	0.0877	116200.0000
82.5000	0.0981	116800.0000
82.6562	0.1103	117400.0000
82.8125	0.1216	118000.0000
82.9687	0.1314	118600.0000
83.1250	0.1385	119200.0000
83.2812	0.1427	119800.0000
83.4375	0.1414	120400.0000
83.5937	0.1325	121000.0000
83.7500	0.1178	121600.0000
83.9062	0.1022	122200.0000
84.0625	0.0915	122800.0000
84.2187	0.0895	123400.0000
84.3750	0.0947	124000.0000
84.5312	0.1037	124600.0000
84.6875	0.1137	125200.0000
84.8437	0.1224	125800.0000
85.0000	0.1301	126400.0000
85.1562	0.1347	127000.0000
85.3125	0.1344	127600.0000
85.4687	0.1296	128200.0000
85.6250	0.1230	128800.0000
85.7812	0.1194	129400.0000
85.9375	0.1217	130000.0000
86.0937	0.1275	130600.0000
86.2500	0.1318	131200.0000
86.4062	0.1299	131800.0000
86.5625	0.1216	132400.0000
86.7187	0.1105	133000.0000
86.8750	0.0997	133600.0000
87.0312	0.0900	134200.0000
87.1875	0.0796	134800.0000
87.3437	0.0663	135400.0000
87.5000	0.0500	136000.0000
87.6562	0.0315	136600.0000
87.8125	0.0125	137200.0000
87.9687	-0.0051	137800.0000
88.1250	-0.0199	138400.0000
88.2812	-0.0313	139000.0000
88.4375	-0.0411	139600.0000
88.5937	-0.0505	140200.0000
88.7500	-0.0613	140800.0000
88.9062	-0.0747	141400.0000
89.0625	-0.0901	142000.0000
89.2187	-0.1061	142600.0000
89.3750	-0.1195	143200.0000
89.5312	-0.1262	143800.0000
89.6875	-0.1239	144400.0000
89.8437	-0.1134	145000.0000
90.0000	-0.0991	145600.0000
90.1562	-0.0857	146200.0000
90.3125	-0.0765	146800.0000
90.4687	-0.0734	147400.0000
90.6250	-0.0753	148000.0000
90.7812	-0.0803	148600.0000
90.9375	-0.0851	149200.0000
91.0937	-0.0872	149800.0000
91.2500	-0.0863	150400.0000
91.4062	-0.0833	151000.0000
91.5625	-0.0802	151600.0000
91.7187	-0.0772	152200.0000
91.8750	-0.0738	152800.0000
92.0312	-0.0691	153400.0000
92.1875	-0.0615	154000.0000
92.3437	-0.0507	154600.0000
92.5000	-0.0390	155200.0000
92.6562	-0.0290	155800.0000
92.8125	-0.0224	156400.0000
92.9687	-0.0181	157000.0000
93.1250	-0.0139	157600.0000
93.2812	-0.0081	158200.0000
93.4375	0.0006	158800.0000
93.5937	0.0113	159400.0000
93.7500	0.0226	160000.0000
93.9062	0.0327	160600.0000
94.0625	0.0393	161200.0000
94.2187	0.0415	161800.0000
94.3750	0.0377	162400.0000
94.5312	0.0297	163000.0000
94.6875	0.0205	163600.0000
94.8437	0.0141	164200.0000
95.0000	0.0122	164800.0000
95.1562	0.0159	165400.0000
95.3125	0.0214	166000.0000
95.4687	0.0258	166600.0000
95.6250	0.0256	167200.0000
95.7812	0.0206	167800.0000
95.9375	0.0123	168400.0000
96.0937	0.0037	169000.0000
96.2500	-0.0044	169600.0000
96.4062	-0.0113	170200.0000
96.5625	-0.0168	170800.0000
96.7187	-0.0199	171400.0000
96.8750	-0.0190	172000.0000
97.0312	-0.0139	172600.0000
97.1875	-0.0051	173200.0000
97.3437	0.0042	173800.0000
97.5000	0.0105	174400.0000
97.6562	0.0119	175000.0000
97.8125	0.0083	175600.0000
97.9687	0.0017	176200.0000
98.1250	-0.0058	176800.0000
98.2812	-0.0105	177400.0000
98.4375	-0.0108	178000.0000
98.5937	-0.0056	178600.0000
98.7500	0.0033	179200.0000
98.9062	0.0132	179800.0000
99.0625	0.0215	180400.0000
99.2187	0.0282	181000.0000
99.3750	0.0326	181600.0000
99.5312	0.0336	182200.0000
99.6875	0.0298	182800.0000
99.8437	0.0197	183400.0000
100.0000	0.0046	184000.0000
100.1562	-0.0123	184600.0000
100.3125	-0.0259	185200.0000
100.4687	-0.0331	185800.0000
100.6250	-0.0332	186400.0000
100.7812	-0.0280	187000.0000
100.9375	-0.0211	187600.0000
101.0937	-0.0151	188200.0000
101.2500	-0.0126	188800.0000
101.4062	-0.0151	189400.0000
101.5625	-0.0215	190000.0000
101.7187	-0.0305	190600.0000
101.8750	-0.0402	191200.0000
102.0312	-0.0489	191800.0000
102.1875	-0.0552	192400.0000
102.3437	-0.0587	193000.0000
102.5000	-0.0600	193600.0000
102.6562	-0.0600	194200.0000
102.8125	-0.0594	194800.0000
102.9687	-0.0594	195400.0000
103.1250	-0.0618	196000.0000
103.2812	-0.0707	196600.0000
103.4375	-0.0900	197200.0000
103.5937	-0.1177	197800.0000
103.7500	-0.1445	198400.0000
103.9062	-0.1566	199000.0000
104.0625	-0.1464	199600.0000
